478
450
552
265
208
910
677
219
427
31
204
305
561
851
801
431
568
375
510
650
686
318
31
110
425
779
904
904
1667
570
350
184
292
284
672
438
466
616
1678
336
425
1051
824
135
465
663
2057
173
335
625
287
582
808
1606
1223
921
772
583
1493
697
606
1440
601
174
508
192
377
568
152
842
271
172
90
307
139
545
125
377
302
624
739
1277
470
138
392
1960
299
886
419
55
794
890
1147
281
1987
288
104
358
246
394
356
834
315
245
772
606
499
161
1012
519
547
1442
2412
225
127
812
489
1608
792
641
562
933
541
240
157
241
387
230
473
544
339
519
637
424
168
239
237
131
231
512
118
200
193
242
139
35
122
55
40
103
12
20
26
586
408
494
1106
1171
604
1080
1122
912
335
404
177
21
286
553
71
45
221
254
242
691
575
1353
816
1528
548
223
479
1248
815
549
668
310
692
401
922
447
1263
132
945
933
420
213
313
272
336
161
229
244
280
134
568
511
474
603
334
631
392
847
466
18
13
511
657
844
117
588
603
643
556
405
531
743
420
442
371
555
398
636
746
668
415
329
562
415
509
445
1186
288
76
138
151
83
226
364
160
140
105
157
540
344
162
38
109
100
337
59
497
227
524
861
167
522
1265
378
1450
215
1722
541
281
353
1007
389
330
2771
378
628
298
1300
685
740
593
205
2147
419
570
434
569
137
177
645
120
343
456
309
167
127
43
22
61
226
477
429
1281
391
595
655
552
233
803
132
46
188
1558
298
706
667
464
938
253
649
1531
1732
285
728
322
329
847
160
527
511
664
239
647
1111
152
3923
1565
761
591
386
387
191
678
723
919
430
188
592
356
781
821
879
264
394
475
223
1408
577
156
143
740
748
461
833
1056
488
661
1418
907
924
1004
1291
1259
1674
643
1091
512
272
896
601
1637
954
401
313
478
1146
1103
873
550
262
307
573
549
423
1196
892
266
1114
757
285
526
505
1213
912
79
1709
430
295
334
391
924
3246
199
153
243
289
540
110
133
25
513
1094
773
434
578
137
233
302
816
227
214
564
471
168
786
295
694
7
278
425
612
188
710
181
93
398
233
296
400
103
290
327
778
783
752
424
1235
1225
512
288
359
274
382
581
762
174
395
505
55
194
514
764
231
199
435
673
100
610
242
636
469
491
523
82
217
156
201
167
436
137
111
96
503
822
613
109
136
219
61
130
132
677
136
223
119
223
107
297
393
465
802
153
376
646
333
86
500
440
577
393
474
458
284
649
494
400
659
651
802
610
484
171
202
704
240
138
256
746
436
234
286
189
587
322
150
470
311
434
618
879
1084
526
583
229
273
538
370
396
597
544
213
469
194
89
628
332
128
232
313
590
708
602
467
517
92
247
292
119
177
249
319
143
573
1130
317
555
547
301
161
1060
821
129
653
171
322
140
311
13
433
433
910
630
843
886
1014
53
144
348
1139
54
786
596
979
660
