15 306 138 168 0.54902
22 216 101 115 0.532407
33 735 344 391 0.531973
40 897 417 480 0.535117
57 1276 585 691 0.541536
61 1116 514 602 0.539427
78 2043 884 1159 0.567303
85 2407 1116 1291 0.536352
92 1110 494 616 0.554955
102 2540 1123 1417 0.557874
111 2144 995 1149 0.535914
119 2754 1205 1549 0.562455
134 2738 1187 1551 0.566472
142 2750 1223 1527 0.555273
153 3164 1396 1768 0.558786
140 3894 1720 2174 0.558295
204 4328 1904 2424 0.560074
186 2816 1259 1557 0.552912
190 3257 1465 1792 0.5502
202 4214 1827 2387 0.566445
215 4792 2072 2720 0.567613
227 4382 1976 2406 0.549064
233 5125 2261 2864 0.558829
241 5519 2390 3129 0.566951
258 4763 2137 2626 0.551333
264 5874 2560 3314 0.564181
274 7015 3081 3934 0.560798
283 7608 3296 4312 0.566772
291 6372 2763 3609 0.566384
304 6511 2831 3680 0.565197
311 6670 2949 3721 0.557871
320 6368 2761 3607 0.566426
331 6474 2822 3652 0.564103
341 9589 4086 5503 0.573887
352 6809 2953 3856 0.566309
360 7354 3225 4129 0.561463
366 7440 3228 4212 0.566129
379 8045 3574 4471 0.555749
389 9639 4236 5403 0.560535
402 9317 4039 5278 0.566491
410 8859 3889 4970 0.561011
421 9498 4157 5341 0.562329
433 11361 4926 6435 0.566411
440 7462 3154 4308 0.577325
452 9015 3873 5142 0.570383
463 12369 5378 6991 0.565203
472 11829 5154 6675 0.564291
481 12653 5533 7120 0.562712
490 12472 5466 7006 0.561738
507 11440 4973 6467 0.565297
512 10635 4702 5933 0.557875
521 12626 5432 7194 0.569777
528 11996 5132 6864 0.572191
542 10328 4574 5754 0.557126
552 12824 5538 7286 0.568153
564 13590 5963 7627 0.561221
572 10992 4813 6179 0.562136
580 13502 5907 7595 0.562509
589 13934 6019 7915 0.568035
603 14134 6108 8026 0.567851
612 10889 4771 6118 0.561851
620 16795 7172 9623 0.572968
633 13533 5898 7635 0.564176
643 13767 5986 7781 0.565192
652 11844 5005 6839 0.577423
663 15685 6732 8953 0.5708
674 12895 5474 7421 0.575494
679 15017 6532 8485 0.565026
694 15429 6706 8723 0.565364
699 16087 6939 9148 0.568658
712 15766 6834 8932 0.566536
725 16053 7018 9035 0.562823
730 16529 7165 9364 0.566519
742 15957 6787 9170 0.574669
750 19344 8254 11090 0.573304
763 14980 6423 8557 0.571228
774 16089 6796 9293 0.5776
781 16105 6917 9188 0.570506
794 16181 7024 9157 0.565911
803 15088 6485 8603 0.570188
810 17413 7399 10014 0.575088
823 16265 7021 9244 0.568337
835 20359 8789 11570 0.568299
845 21183 9067 12116 0.571968
853 21254 9127 12127 0.570575
863 18163 7896 10267 0.56527
875 23214 9862 13352 0.57517
881 19124 8103 11021 0.576292
892 18093 7806 10287 0.568562
898 18646 7936 10710 0.574386
912 21291 9249 12042 0.565591
923 20403 8712 11691 0.573004
935 21559 9272 12287 0.569924
940 21652 9261 12391 0.57228
947 20758 8980 11778 0.567396
956 22685 9618 13067 0.576019
981 20361 8697 11664 0.57286
1006 24602 10468 14134 0.574506
